#A star      class  teff ulflag   logeps   [X/Fe] e_sta e_tot   e_I  e_II [Fe/H]
CS30314-067   RG  4320.  0.00     4.49    -3.01  0.06  0.15  0.00  0.00  -3.01
CS22950-046   RG  4380.  0.00     3.86    -3.64  0.07  0.16  0.00  0.00  -3.64
HD26297        RG  4400.  0.00     5.78    -1.72  0.06  0.15  0.00  0.00  -1.72
CS29498-043   RG  4440.  0.00     3.65    -3.85  0.08  0.16  0.00  0.00  -3.85
CS22169-035   RG  4480.  0.00     4.38    -3.12  0.06  0.15  0.00  0.00  -3.12
CS22891-200   RG  4490.  0.00     3.62    -3.88  0.08  0.16  0.00  0.00  -3.88
CS22952-015   RG  4500.  0.00     3.82    -3.68  0.07  0.16  0.00  0.00  -3.68
HD122563       RG  4500.  0.00     4.57    -2.93  0.07  0.15  0.00  0.00  -2.93
CD-38_245    RG  4520.  0.00     3.00    -4.50  0.10  0.17  0.00  0.00  -4.50
BD-20_6008    RG  4540.  0.00     4.45    -3.05  0.06  0.15  0.00  0.00  -3.05
CS22189-009   RG  4540.  0.00     3.65    -3.85  0.08  0.16  0.00  0.00  -3.85
CS22968-014   RG  4540.  0.00     3.65    -3.85  0.08  0.16  0.00  0.00  -3.85
BD-15_5781    RG  4550.  0.00     4.63    -2.87  0.06  0.15  0.00  0.00  -2.87
CS22897-008   RG  4550.  0.00     3.77    -3.73  0.07  0.16  0.00  0.00  -3.73
HD6268         RG  4570.  0.00     4.81    -2.69  0.06  0.15  0.00  0.00  -2.69
CS22885-096   RG  4580.  0.00     3.29    -4.21  0.08  0.16  0.00  0.00  -4.21
CS22891-209   RG  4620.  0.00     4.24    -3.26  0.07  0.16  0.00  0.00  -3.26
CS22949-048   RG  4620.  0.00     4.13    -3.37  0.07  0.16  0.00  0.00  -3.37
CS22957-013   RG  4620.  0.00     4.49    -3.01  0.06  0.15  0.00  0.00  -3.01
CS22949-037   RG  4630.  0.00     3.30    -4.20  0.07  0.16  0.00  0.00  -4.20
CS22956-050   RG  4640.  0.00     3.93    -3.57  0.07  0.16  0.00  0.00  -3.57
HD126587       RG  4640.  0.00     4.29    -3.21  0.07  0.16  0.00  0.00  -3.21
CS22878-101   RG  4650.  0.00     4.20    -3.30  0.07  0.15  0.00  0.00  -3.30
CS31082-001   RG  4650.  0.00     4.47    -3.03  0.07  0.16  0.00  0.00  -3.03
CS30312-044   RG  4660.  0.00     4.31    -3.19  0.06  0.15  0.00  0.00  -3.19
CS30492-110   RG  4660.  0.00     4.34    -3.16  0.06  0.15  0.00  0.00  -3.16
CS22892-052   RG  4690.  0.00     4.34    -3.16  0.07  0.15  0.00  0.00  -3.16
HE1320-1339  RG  4690.  0.00     4.57    -2.93  0.06  0.15  0.00  0.00  -2.93
CS22873-128   RG  4710.  0.00     4.26    -3.24  0.07  0.16  0.00  0.00  -3.24
CS22185-007   RG  4730.  0.00     4.48    -3.02  0.06  0.15  0.00  0.00  -3.02
HD126238       RG  4750.  0.00     5.54    -1.96  0.06  0.15  0.00  0.00  -1.96
HD26169        RG  4750.  0.00     4.69    -2.81  0.06  0.15  0.00  0.00  -2.81
CS22960-048   RG  4770.  0.00     3.72    -3.78  0.07  0.16  0.00  0.00  -3.78
CS22965-016   RG  4770.  0.00     4.57    -2.93  0.06  0.15  0.00  0.00  -2.93
CS30312-059   RG  4780.  0.00     4.24    -3.26  0.07  0.16  0.00  0.00  -3.26
CS22877-001   RG  4790.  0.00     4.26    -3.24  0.07  0.15  0.00  0.00  -3.24
CD-30_298    RG  4810.  0.00     3.78    -3.72  0.09  0.16  0.00  0.00  -3.72
CS22186-023   RG  4820.  0.00     4.61    -2.89  0.06  0.15  0.00  0.00  -2.89
CS29502-092   RG  4820.  0.00     4.30    -3.20  0.07  0.15  0.00  0.00  -3.20
CS22948-066   RG  4830.  0.00     4.32    -3.18  0.07  0.16  0.00  0.00  -3.18
CS30339-073   RG  4830.  0.00     3.70    -3.80  0.08  0.16  0.00  0.00  -3.80
HD13979        RG  4830.  0.00     4.78    -2.72  0.07  0.15  0.00  0.00  -2.72
CS22183-031   RG  4850.  0.00     4.00    -3.50  0.07  0.16  0.00  0.00  -3.50
CS22953-003   RG  4860.  0.00     4.50    -3.00  0.07  0.15  0.00  0.00  -3.00
CS22957-022   RG  4860.  0.00     4.33    -3.17  0.07  0.16  0.00  0.00  -3.17
CS22960-053   RG  4860.  0.00     4.17    -3.33  0.08  0.16  0.00  0.00  -3.33
HE1124-2335  RG  4870.  0.00     4.24    -3.26  0.07  0.16  0.00  0.00  -3.26
CS22166-016   RG  4900.  0.00     4.41    -3.09  0.07  0.15  0.00  0.00  -3.09
CS22945-028   RG  4900.  0.00     4.61    -2.89  0.06  0.15  0.00  0.00  -2.89
CS22956-114   RG  4900.  0.00     4.64    -2.86  0.06  0.15  0.00  0.00  -2.86
CS22958-083   RG  4900.  0.00     4.46    -3.04  0.07  0.15  0.00  0.00  -3.04
CS22942-011   RG  4930.  0.00     4.67    -2.83  0.07  0.15  0.00  0.00  -2.83
CS30494-003   RG  4930.  0.00     4.53    -2.97  0.07  0.16  0.00  0.00  -2.97
CS22942-035   RG  4940.  0.00     4.51    -2.99  0.06  0.15  0.00  0.00  -2.99
CS22959-074   RG  4940.  0.00     5.01    -2.49  0.06  0.15  0.00  0.00  -2.49
HD21581        RG  4940.  0.00     5.68    -1.82  0.06  0.15  0.00  0.00  -1.82
CD-24_1782    RG  4950.  0.00     4.48    -3.02  0.07  0.16  0.00  0.00  -3.02
CS22877-011   RG  4950.  0.00     4.38    -3.12  0.07  0.16  0.00  0.00  -3.12
CS22172-029   RG  4960.  0.00     4.80    -2.70  0.06  0.15  0.00  0.00  -2.70
CS22880-086   RG  4960.  0.00     4.25    -3.25  0.08  0.16  0.00  0.00  -3.25
CS22942-002   RG  5010.  0.00     3.97    -3.53  0.10  0.17  0.00  0.00  -3.53
HD11582        RG  5020.  0.00     5.47    -2.03  0.07  0.15  0.00  0.00  -2.03
HD108317       RG  5030.  0.00     4.90    -2.60  0.07  0.15  0.00  0.00  -2.60
CS30312-100   RG  5040.  0.00     4.82    -2.68  0.07  0.15  0.00  0.00  -2.68
HD128279       RG  5050.  0.00     4.86    -2.64  0.07  0.15  0.00  0.00  -2.64
CS22960-064   RG  5060.  0.00     4.73    -2.77  0.07  0.15  0.00  0.00  -2.77
CS22963-004   RG  5060.  0.00     3.65    -3.85  0.08  0.16  0.00  0.00  -3.85
HD220127       RG  5060.  0.00     5.65    -1.85  0.07  0.15  0.00  0.00  -1.85
CS22941-017   RG  5070.  0.00     4.42    -3.08  0.08  0.16  0.00  0.00  -3.08
CS22896-015   RG  5080.  0.00     4.66    -2.84  0.07  0.16  0.00  0.00  -2.84
HD200654       RG  5080.  0.00     4.44    -3.06  0.08  0.16  0.00  0.00  -3.06
CS22944-032   RG  5090.  0.00     4.35    -3.15  0.08  0.16  0.00  0.00  -3.15
CS22945-024   RG  5120.  0.00     4.91    -2.59  0.06  0.15  0.00  0.00  -2.59
CS22951-059   RG  5120.  0.00     4.67    -2.83  0.07  0.15  0.00  0.00  -2.83
HE0454-4758  RG  5140.  0.00     4.18    -3.32  0.08  0.16  0.00  0.00  -3.32
CS22893-010   RG  5150.  0.00     4.57    -2.93  0.07  0.16  0.00  0.00  -2.93
CS22898-047   RG  5150.  0.00     4.05    -3.45  0.09  0.17  0.00  0.00  -3.45
HD178443       HB  5170.  0.00     5.48    -2.02  0.06  0.15  0.00  0.00  -2.02
CS29495-042   RG  5180.  0.00     5.32    -2.18  0.06  0.15  0.00  0.00  -2.18
CS22940-121   HB  5200.  0.00     4.37    -3.13  0.07  0.15  0.00  0.00  -3.13
CS22957-027   RG  5220.  0.00     4.50    -3.00  0.07  0.16  0.00  0.00  -3.00
HE1012-1540  RG  5230.  0.00     3.74    -3.76  0.14  0.20  0.00  0.00  -3.76
CS22893-005   RG  5260.  0.00     4.57    -2.93  0.07  0.16  0.00  0.00  -2.93
CS29514-017   RG  5270.  0.00     5.16    -2.34  0.06  0.15  0.00  0.00  -2.34
CS22891-221   RG  5290.  0.00     4.02    -3.48  0.10  0.17  0.00  0.00  -3.48
CS22951-077   HB  5290.  0.00     4.96    -2.54  0.06  0.15  0.00  0.00  -2.54
CS22947-187   HB  5300.  0.00     4.92    -2.58  0.06  0.15  0.00  0.00  -2.58
HD196944       HB  5310.  0.00     5.11    -2.39  0.06  0.15  0.00  0.00  -2.39
CS22890-024   RG  5320.  0.00     4.92    -2.58  0.07  0.15  0.00  0.00  -2.58
CS22940-077   HB  5350.  0.00     4.40    -3.10  0.06  0.15  0.00  0.00  -3.10
CS22896-110   HB  5380.  0.00     4.64    -2.86  0.06  0.15  0.00  0.00  -2.86
CS22943-137   RG  5400.  0.00     4.11    -3.39  0.08  0.16  0.00  0.00  -3.39
